35,1
35,3
33,1
33,3
30,1
30,3
29,1
29,3
27,1
27,3
0,473
0,273
0,270
3,2
3,1
3,3
10,188
10,218
10,266
10,12
10,150
10,284
10,174
10,302
10,2
10,3
11,15
11,22
11,25
11,21
9,7
9,6
9,1
9,4
9,2
9,3
8,7
8,15
8,14
8,10
8,2
8,3
49,5
49,4
49,3
49,2
49,1
49,0
48,5
48,4
48,3
48,2
48,1
48,0
47,4
47,3
47,2
47,1
47,0
46,4
46,3
46,2
46,1
46,0
45,4
45,3
45,2
45,1
45,0
44,5
44,4
44,3
44,2
44,1
44,0
43,4
43,3
43,2
43,1
43,0
42,6
42,5
42,4
42,3
42,2
42,1
42,0
39,3
39,2
39,1
39,0
38,3
38,2
38,1
38,0
36,3
36,2
36,1
24,3
24,1
23,3
23,1
20,3
20,2
20,1
19,3
19,2
